   0    0    0    0    0    0    0    5   24 1000 1000 1000 1000 1000 1000
   0    0    0    0    0    0    0   17 1000 1000 1000 1000 1000 1000 1000
   0    0    0    0    0    4   21 1000 1000 1000 1000 1000 1000 1000 1000
   0    0    0    0    5   20 1000 1000 1000 1000 1000 1000 1000 1000 1000
   0    0    0    0    0    1   25 1000 1000 1000 1000 1000 1000 1000 1000
   0    0    0    0    0    1   18 1000 1000 1000 1000 1000 1000 1000   11
   0    0    0    0    0    3    8 1000   41 1000 1000 1000 1000 1000 1000
   0    0    0    0    0    0    0   12    6 1000 1000 1000   27    9    7
   0    0    0    0    0    0    0   16 1000 1000 1000 1000 1000    0    5
   0    0    0    0    0    0    0    1   22 1000 1000   22   14    0    0
   0    0    0    0    0    0    0    8 1000 1000   23    1    0    0    0
   0    0    0    0    0    0    0    5   20 1000 1000    6    0    0    0
   0    0    0    0    0    0    0    0    3    6   11    0    0    0    0
   0    0    0    0    0    0    0    0    0    5    4    0    0    0    0
   0    0    0    0    0    0    0    0    0    0    0    0    0    0    0
